0 1.19209289551e-06
1 1.00135803223e-05
2 1.8835067749e-05
3 5.50746917725e-05
4 0.000131130218506
5 0.000246047973633
6 0.000409126281738
7 0.000665903091431
8 0.00098705291748
9 0.00136303901672
10 0.00189685821533
11 0.00254392623901
12 0.00370502471924
13 0.00600099563599
14 0.00654006004333
15 0.00673699378967
16 0.00768995285034
17 0.0123710632324
18 0.0128300189972
19 0.0129358768463
20 0.0149071216583
21 0.0232558250427
22 0.0203580856323
23 0.0226590633392
24 0.0266110897064
25 0.035218000412
26 0.0389349460602
27 0.0426630973816
28 0.0466241836548
29 0.0500199794769
30 0.0509698390961
31 0.0564980506897
32 0.067703962326
33 0.0671610832214
34 0.0746259689331
35 0.0880661010742
36 0.092826128006
37 0.09605884552
38 0.103451013565
39 0.113995075226
40 0.137687206268
41 0.147305011749
42 0.156068086624
43 0.166229963303
44 0.164644002914
45 0.185149908066
46 0.193597078323
47 0.191647052765
48 0.222943782806
49 0.22634601593
50 0.244663000107
51 0.255415916443
52 0.268099069595
53 0.290472984314
54 0.312012195587
55 0.323710918427
56 0.339960813522
57 0.36883687973
58 0.382197856903
59 0.417819976807
60 0.427123069763
61 0.483767986298
62 0.48046708107
63 0.496108055115
64 0.494621992111
65 0.552697896957
66 0.562149047852
67 0.590065002441
68 0.606961011887
69 0.638259887695
70 0.701849937439
71 0.696547031403
72 0.703961849213
73 0.737534046173
74 0.802431106567
75 0.83696603775
76 0.85732293129
77 0.952880144119
78 0.906039953232
79 0.97401714325
80 1.04868388176
81 1.14705681801
82 1.15197896957
83 1.15859699249
84 1.24006509781
85 1.37360215187
86 1.43255281448
87 1.59061694145
88 1.56822800636
89 1.64811587334
90 1.52855300903
91 1.61170697212
92 1.61724901199
93 1.78218603134
94 1.75462388992
95 1.82741498947
96 1.90127182007
97 1.97112083435
98 1.9660589695
99 2.01043701172
